Dim.   MFLOPS     Runtime      0x80000032   0x8000003b   0x80000000   0x80000007
   2  230.342      0.0001             356          162            0            0
   4  664.027      0.0002            1105          450            0            0
   8 1177.862      0.0009            5110         2020            0            0
  16 1653.077      0.0050           29938        11540            0            0
  32 1939.547      0.0338          200549        78416           38            0
  64 2040.402      0.2570         1455675       596381         9723            0
 128 2092.826      2.0041        11062274      4657277       259947            1
 256 2080.244     16.1300        86185868     37659752      2096974         1218
 512 1973.667    136.0085       689486317    315337274     17892712       131803
1024 1931.069   1112.0700      5515889523   2579459207    143581784      1457065
2048 1927.603   8912.5570     44127111566  20712585110   1153568668     11816278


