Dim.   MFLOPS     Runtime      0x80000032   0x8000003b   0x80000000   0x80000007
   2  290.384      0.0001             305          128            0            0
   4  764.235      0.0002             999          389            0            0
   8 1241.363      0.0008            4825         1924            0            0
  16 1687.863      0.0049           29004        11276            0            0
  32 1516.906      0.0432          197167       100633            0            0
  64 1546.974      0.3389         1442790       790314            0            0
 128 2319.304      1.8084        11011949      4207193            1            0
 256 2358.096     14.2295        85986934     33237299           32            2
 512 2349.970    114.2293       687894936    265898663          318           44
1024 2349.398    914.0570      5503158564   2127186485         4656          265
2048 2348.113   7316.4580     44025265624  17017488741        47956         1120


