Dim.   MFLOPS     Runtime      0x80000032   0x8000003b   0x80000000   0x80000007
   2  675.458      0.0000             131           55            0            0
   4 1858.367      0.0001             429          160            0            0
   8 2799.906      0.0004            2359          850            0            0
  16 5104.700      0.0016           10045         3727            0            0
  32 5638.963      0.0116           75284        27104           29            0
  64 5516.307      0.0950          586867       222477         7446            0
 128 5544.526      0.7565         4639817      1758207        65416            0
 256 5558.365      6.0367        36906991     14076973       543008          778
 512 5419.993     49.5269       295255117    115414832      5075815       121131
1024 5228.935    410.6923      2362039767    953221589     41009243      1417098
2048 5243.832   3276.2050     18896315212   7626290600    328646685     11480100


