Dim.   MFLOPS     Runtime      0x80000032   0x8000003b   0x80000000   0x80000007
   2  475.337      0.0000             195           78            0            0
   4 1495.353      0.0001             529          199            0            0
   8 2561.506      0.0004            2579          928            0            0
  16 3010.182      0.0027           16966         6321            0            0
  32 3026.134      0.0217          124457        50312           60            0
  64 2838.316      0.1847          955360       428606         9048            0
 128 2789.039      1.5039         7489383      3496735       260469            1
 256 2684.185     12.5008        59313775     29047565      2095407          790
 512 2580.949    104.0065       474509680    242316014     17858547       128772
1024 2491.124    862.0540      3796076554   2002462352    143304454      1462668
2048 2483.921   6916.4320     30368609829  16057847509   1151436825     11875677


