Dim.   MFLOPS     Runtime      0x80000032   0x8000003b   0x80000000   0x80000007
   2  773.836      0.0000             127           48            0            0
   4 1893.009      0.0001             413          157            0            0
   8 2807.666      0.0004            2295          847            0            0
  16 4921.657      0.0017            9626         3866            0            0
  32 5452.978      0.0120           70989        27924           28            0
  64 5510.444      0.0951          549092       221045         7381            0
 128 5636.795      0.7441         4324650      1728113        65727            0
 256 5703.900      5.8827        34335152     13670787       542289         1024
 512 5504.680     48.7650       274680405    112855968      4718515       114669
1024 5368.374    400.0250      2197442065    929559883     38116895      1383251
2048 5368.374   3200.2000     17579533628   7428946629    306324245     11257446


